x=[64,100,200,300,400,500,600,700,800,900,1000,1100,1200,1300,1400,1500,1600,1700,1800,1900,2000,2048]
y3=[108,104,100,106,98,107,107,107,102,102,104,104,102,98,103,111,108,110,109,112,111,111]
y2=[116,117,118,116,117,118,116,117,116,116,118,116,116,117,117,116,117,117,117,116,117,117]
y1=[97, 97, 99, 97, 98, 97, 97, 97, 97, 98, 97, 97, 97, 97, 97, 104, 104, 106, 105, 104, 104, 106]



64-100-200-300-400-500-600-700-800-900-1000-1100-1200-1300-1400-1500-1600-1700-1800-1900-2000-2048




[[ 97, 97, 99, 97, 98, 97, 97, 97, 97, 98, 97, 97, 97, 97, 97, 104, 104, 106, 105, 104, 104, 106],[116,117,118,116,117,118,116,117,116,116,118,116,116,117,117,116,117,117,117,116,117,117],[108,104,100,106,98,107,107,107,102,102,104,104,102,98,103,111,108,110,109,112,111,111]]


1:00 a.m. - 1:30 a.m
11:30-12:00a.m.

7:00-7:30 p.m.
